cam0=[939.53747686 0. 268.72496021; 0. 960.38049602 257.89857489; 0. 0. 1.]
cam1=[1.18710036e+03 0.00000000e+00 3.44371683e+02; 0.00000000e+00 1.26834091e+03 2.74442637e+02;  0.00000000e+00 0.00000000e+00 1.00000000e+00]
doffs=75.646
baseline=100.1
width=X
height=X
ndisp=290
isint=X
vmin=X
vmax=X
dyavg=X
dymax=X
